W: 
[ 2.79 -1.03 -0.89 -1.12 -0.58 -1.58]
[ 2.51 -0.88 -1.37 -1.23 -0.29 -1.34]
[ 2.69 -0.39 -0.82 -1.17 -0.23 -1.65]
[ 1.91 -1.71 -0.98 -1.84 -1.37 -0.96]
[ 1.21 -2.26 -0.85 -3.12 -1.82  0.05]
[-2.47 -3.19 -0.54 -4.91 -1.57  2.94]
[-2.56 -1.17  2.21 -3.26 -1.81  0.23]
[ 0.44 -0.7   0.18 -1.59 -0.81 -1.09]
[ 2.07  1.06 -0.22  1.29  0.19 -2.04]
[ 0.29 -3.31 -0.85 -3.53 -2.02  1.51]
[-0.61  0.75  1.36 -1.19 -0.8   2.5 ]
[-2.47  1.37  0.52  0.62  0.81  1.32]
[-2.46  0.07  1.53 -0.35 -0.24  1.53]

M: 
[ 2.90e-04  1.82e-01  3.24e-01  8.14e-01  1.41e+00  9.50e-01  6.75e-01
  4.06e+00 -2.01e-03  2.95e-01  5.15e-01 -6.35e-01  4.97e-01 -8.93e-02]

[ 1.88  1.08  1.54  0.58 -1.34 -4.01 -2.21 -1.4   1.64 -1.25 -4.88 -1.29
 -0.92 -0.95]

[ 0.27 -0.43 -0.05 -0.12  0.78  0.05  2.06 -2.6  -0.63 -0.82  1.5   0.72
  0.08  0.12]

