W: 
[ 1.65038595 -1.70966302  0.44129132]
[ 0.24940314 -3.28286819 -3.18283226]
[ 2.1893653  -2.42841504 -2.55304599]
[ 2.0787764  -1.05079359 -1.23815548]
[ 0.00771438  0.82403462 -2.99841372]
[-0.62251512 -0.19174434 -1.9428688 ]
[-1.99730709 -5.43144709 -5.38165999]
[ 4.43687539 -0.5874279  -1.0347856 ]
[-0.42221698 -2.46894339 -0.05777677]
[-3.89633654 -2.58089448 -2.80881819]
[ 0.96634933 -0.99396734 -0.4186596 ]
[-0.62383168 -1.4021315  -0.59904097]
[ 0.79478038 -0.83146828 -1.4754337 ]

M: 
[-1.23968886 -0.27863994  2.85971377 -0.05844401 -1.55239255 -2.46320262
  0.57471108  5.40931356 -0.23523829 -2.79335363 -2.84442608 -1.34237436
 -0.87733343 -1.11455536]

[ 1.37349016 -0.39779737 -2.84426927 -0.36299538  1.0061405   2.48518223
 -0.0799677  -5.51556449  0.95599035  3.18366593  2.29873396  1.29571525
  1.32792184  1.32306828]

