W: 
[ 2.3  -0.52 -1.32 -0.2  -0.47]
[ 1.92 -0.95 -0.54 -0.79 -1.03]
[ 1.17 -0.99 -1.53 -0.1  -0.8 ]
[ 2.42 -0.51 -0.95 -0.26  0.56]
[ 1.03  0.09 -0.7   2.03  3.14]
[-1.13  0.22  1.51  0.03  1.17]
[-3.44 -0.14  1.15 -0.23 -1.1 ]
[-1.27  0.1   1.43  0.7   0.95]
[-3.88  0.25  1.59 -0.41 -2.44]
[-6.82 -0.78  2.11 -4.79 -5.95]
[-2.8  -0.48  2.05 -2.24 -2.44]
[-0.78 -0.84  1.48 -3.47 -3.03]
[ 0.37 -0.57  1.56 -2.29 -1.92]

M: 
[ 1.46  1.34  1.17  0.56 -0.59 -1.56 -0.72  0.17  0.33  1.97  1.95  1.86
  1.59  1.65]

[ 1.62  0.88  1.27  1.32  0.72 -1.4  -1.07  0.34 -1.09  4.42  4.01 -3.54
 -2.07 -2.74]

[ 0.52 -0.52 -1.43  0.12  1.87  3.41 -0.77 -0.03 -0.84 -3.96 -3.04 -2.64
 -1.42 -2.05]

