W: 
[ 2.67  1.   -0.1  -0.26 -0.82 -0.82  1.2   0.43  1.27  1.24]
[ 3.    1.84  0.2   0.02 -0.59 -0.58  2.04  1.24  0.38  1.88]
[-0.02  1.44  0.2  -0.08  0.58  0.33  1.64  0.01  0.26  0.85]
[-1.09 -0.66  0.36  0.82  1.56  0.94 -1.06 -0.15 -0.23 -0.86]
[1.56 1.9  1.   1.26 0.53 0.4  3.24 0.86 0.26 1.79]
[2.33 2.64 1.33 2.14 1.33 0.61 3.48 0.99 1.51 1.8 ]
[0.98 2.01 1.18 1.09 0.76 0.34 2.57 0.53 0.95 1.17]
[0.19 1.29 0.93 1.22 0.21 1.3  0.98 0.32 1.53 0.21]
[ 0.37  2.03  0.93  1.06  0.53 -0.3   1.64  0.44  0.36  0.55]
[-1.09  0.88  0.52  0.45  0.01  0.73  0.72  0.27  0.55  0.23]
[-2.65 -2.53  0.39  0.9   1.46  1.02 -2.   -0.96 -1.27 -1.75]
[-0.95  0.43  0.74  0.14  0.16  0.64  0.34  0.07  0.62 -0.04]
[-1.08  0.56 -0.23  0.36  0.4   0.03 -0.92 -0.09 -0.25  0.06]

M: 
[-1.35 -1.52 -1.67  0.84 -1.61 -2.37 -2.01 -0.59 -0.89 -1.23  1.63  0.48
  0.36  0.35]

[ 1.2   1.34  2.08 -1.37  1.74  2.2   1.87  1.18  1.14  0.88 -1.82 -0.37
 -0.2  -0.29]

