W: 
[ 1.52 -0.64 -0.55 -0.57 -0.71 -0.11 -0.12 -0.14  0.14 -0.16 -0.12  0.06
 -0.06 -0.64 -0.02 -0.27 -0.63 -0.65 -0.35 -0.02  0.08 -0.23  0.15 -0.35
 -0.08 -0.15  0.21  0.11 -0.9   0.1   0.19 -0.46 -0.65 -0.2  -0.48]
[ 1.04 -0.39 -0.78 -0.97 -0.8  -0.21 -0.17 -0.97  0.33 -0.35 -0.45 -0.25
  0.1  -0.1  -0.59 -0.1  -0.85 -0.74  0.2  -0.58 -0.02 -0.02 -0.12 -0.06
 -0.34  0.34 -0.19  0.34 -0.66  0.   -0.11  0.12 -0.59 -0.18 -0.38]
[ 0.73 -1.   -0.86 -0.36  0.06 -0.1   0.02  0.03 -0.05 -0.58 -0.71 -0.1
  0.1   0.17 -0.98  1.01 -0.22 -0.28  0.07 -0.27 -0.61 -0.01 -0.45 -0.73
 -0.32  0.53 -0.25  0.03 -0.91  0.48 -0.15 -0.23 -0.56  0.79 -0.59]
[ 0.72  0.15 -0.03 -1.23  2.15 -2.12  0.93  0.16  0.88 -0.95 -0.16 -0.22
  0.69  0.76  0.16  1.84 -0.28  0.01 -0.41 -0.09 -1.38  0.16 -1.09 -0.13
 -0.39  1.19 -0.74  0.74 -0.    0.92 -0.42 -0.54 -0.59  1.23 -0.56]
[ 0.7   0.15  0.37 -0.26  0.24 -1.25 -0.45  0.64 -0.36  0.86  0.69  0.75
 -0.6   0.34  1.53 -2.9   1.31 -0.62 -1.75 -0.18 -0.78 -2.25 -0.68 -0.06
 -0.64 -0.17 -2.12 -0.31  3.53 -0.62  0.64  0.86 -0.15 -0.05 -0.48]
[ 0.11  0.13  0.55  1.33 -0.74  0.1  -1.28  1.25 -0.35  0.63  0.28  1.52
 -1.1   0.28  1.03 -2.47  0.77  0.25  0.01 -0.14 -0.25 -1.15 -0.39 -0.03
 -0.24 -1.18 -1.99 -1.29  0.58 -0.7   0.56  0.97 -0.23 -0.76  0.15]
[ 1.03 -1.05  0.02 -0.39 -0.6   0.39 -0.36  0.27  0.12  0.04 -0.29 -0.17
  0.25  0.5  -0.22 -0.55 -0.32 -0.99  0.11 -0.04  0.07 -0.67 -0.44 -0.05
  0.16 -0.11 -0.04 -0.42 -0.2  -0.05 -0.29 -0.04 -0.34 -0.1  -0.56]
[ 0.95 -0.44 -0.71 -0.3  -0.46 -0.46  0.13 -0.55 -0.33 -0.44 -0.46 -0.16
  0.04  0.23 -0.05 -0.68 -0.12 -0.9  -0.22 -0.7  -0.64 -0.72 -0.94 -0.33
 -0.39 -0.01 -0.41 -0.34 -0.08 -0.41 -0.18 -0.43 -0.82 -0.08 -0.37]
[ 0.98 -1.21 -0.72 -0.37  0.28 -0.45 -0.18 -0.56  0.09 -0.49 -0.74 -0.69
 -0.19 -0.23 -0.28  0.22 -0.4  -0.96  0.02 -0.25 -0.68  0.07 -0.53 -0.05
 -0.05 -0.4  -0.27  0.17 -0.28  0.03 -0.39 -0.29 -0.35 -0.24 -0.33]
[ 0.17 -0.09  0.34 -1.1   1.82 -2.49 -0.51 -0.61 -0.7  -0.33 -0.3  -0.16
 -0.57  0.46  0.23  2.2  -1.41  0.38  0.07 -0.76 -0.29  1.76  0.49 -0.03
 -0.1  -0.72 -0.32 -0.48 -1.46 -0.34 -0.3  -0.75 -0.52 -0.77  0.23]
[ 1.74  0.7   1.55  1.21  1.29 -3.62 -0.54  0.12 -0.3   1.84  0.81  1.07
 -0.34  0.63  3.44 -2.12  0.37  0.24 -0.59 -0.5   1.18  0.45  1.63  1.48
  0.84 -0.38 -2.94 -0.44  0.03 -0.61  0.26  0.34 -1.32 -0.2   0.32]
[ 1.57 -0.72 -0.17  0.57 -0.89  0.81  0.75  0.9   1.05  1.25  0.73  0.85
  0.83 -0.14  0.05 -1.7  -1.03 -0.43  0.77  0.14  2.26  0.98  2.02  0.36
  1.49  1.06  0.65  0.74 -2.03  0.59  0.96  1.12  0.27  0.93 -0.75]
[ 0.33 -0.55 -0.91 -0.65 -0.38  1.19  1.49  2.13  0.88  0.73  0.    0.57
  1.01 -0.29 -1.55 -0.75  0.22 -0.61  0.06  0.17 -0.53 -1.23 -0.42 -0.26
 -0.05  0.72  0.45  0.97  0.39  1.36  1.81  2.22  0.45  0.85 -1.13]

M: 
[ 2.82  1.83  0.62 -1.12 -2.45 -2.27  0.33  0.39 -0.39  0.89  1.29  2.45
  2.16 -1.8 ]

[ 1.36  1.17  0.41 -0.67  2.75  4.38  0.95  1.32  1.6  -0.29  1.55  2.86
 -2.42 -2.53]

[ 0.69  0.32  0.59  2.01  2.13 -1.64 -1.21  0.16  0.52 -0.6  -1.49 -0.21
  1.    3.07]

[ 1.52  1.27  0.92 -0.21 -2.97  0.18  0.4   1.51  1.18  0.3  -2.17 -3.93
 -1.4  -1.09]

[ 0.71  0.56  0.64  1.61 -0.39 -3.25 -0.84 -0.18  0.52  2.74  2.23 -1.47
 -2.98 -1.5 ]

[ 2.09  1.01  0.7  -0.32 -0.4   2.72  2.43  0.79 -0.03 -0.19 -0.22  0.39
  2.31  2.77]

