W: 
[ 0.09 -0.1  -0.47  0.17 -0.21  0.02 -0.21 -0.42  0.04 -0.03]
[ 0.24 -0.07 -0.26  0.07  0.11 -0.04  0.07  0.06  0.11  0.21]
[-6.52e-02  1.21e-01 -3.71e-01 -3.83e-04  1.50e-01  2.73e-01  5.84e-01
  5.31e-01  5.15e-02  6.35e-02]
[-0.02 -0.09 -0.14 -0.37 -0.06 -0.29 -0.21 -0.24 -0.08 -0.19]
[ 0.17 -0.02 -0.07 -0.06 -0.42 -0.32 -0.04 -0.02  0.   -0.03]
[-0.23  0.07  0.11 -0.01 -0.14 -0.11 -0.24 -0.02 -0.09 -0.39]
[-0.2   0.24  0.04  0.33 -0.29 -0.21  0.26  0.1  -0.05 -0.2 ]
[-0.05 -0.02 -0.18 -0.05  0.04 -0.14 -0.02 -0.39  0.1  -0.06]
[ 0.06 -0.11  0.3   0.2  -0.03 -0.03 -0.03  0.15 -0.03  0.07]
[-0.1  -0.16  0.28  0.07 -0.02  0.03 -0.03 -0.1   0.05 -0.2 ]
[ 3.65e-03  1.36e-04  1.65e-01 -1.22e-01 -2.21e-01 -4.48e-01 -3.09e-01
  8.82e-02 -8.83e-02 -1.37e-01]
[ 0.16  0.35  0.57  0.24 -0.04  0.27  0.13  0.01  0.2  -0.2 ]
[-0.04 -0.07 -0.26 -0.38 -0.09 -0.21  0.03 -0.1  -0.2   0.05]
[-0.28  0.04  0.15 -0.32  0.18  0.07 -0.13  0.19 -0.21  0.39]
[-0.1   0.27  0.13  0.13  0.07  0.15 -0.47  0.36 -0.08 -0.03]
[-0.36  0.22 -0.39  0.03  0.17  0.02 -0.31  0.3  -0.19 -0.04]
[ 0.01 -0.3  -0.04  0.15 -0.01  0.06 -0.32  0.09  0.25 -0.38]
[ 0.07  0.13  0.21 -0.16 -0.24  0.17  0.39  0.3   0.26  0.03]
[-0.2  -0.11  0.31 -0.04  0.01  0.08 -0.23 -0.34 -0.19 -0.13]
[ 0.22 -0.6   0.08 -0.04  0.3   0.2   0.45 -0.1  -0.01  0.03]
[-0.41 -0.32 -0.3   0.36  0.16 -0.45 -0.06  0.44  0.02 -0.03]
[ 0.27  0.28 -0.03  0.45 -0.15 -0.04  0.11  0.03  0.1   0.1 ]
[-0.44  0.17  0.22 -0.3  -0.2   0.18  0.17 -0.07  0.   -0.53]
[-0.11 -0.    0.1   0.19 -0.01  0.2  -0.02  0.1   0.16  0.32]
[-0.02  0.06  0.04  0.26 -0.01 -0.09 -0.26 -0.01 -0.15  0.28]
[-0.07 -0.23  0.03 -0.05  0.08 -0.12 -0.34 -0.45  0.2  -0.3 ]
[ 0.07  0.17  0.14 -0.12  0.23 -0.26  0.24 -0.   -0.26 -0.1 ]
[ 0.3  -0.23 -0.39 -0.09 -0.35  0.22 -0.2   0.26  0.09 -0.14]
[-0.04 -0.31  0.03 -0.35 -0.08 -0.13 -0.01  0.17 -0.4   0.02]
[ 0.14 -0.16  0.29  0.3  -0.34 -0.18 -0.03  0.18  0.22  0.28]

M: 
[ -2.96   9.93 137.74   0.22  40.82 -22.91  -0.93  18.12 -71.99 -18.13
  -8.76   3.91  -0.92 -10.84 -23.13   7.51 -32.07 -17.31   7.97  93.6
 -32.77  19.86 -23.57  11.24  14.27 -25.61 -14.41   6.05   4.04  -8.57
  -2.62]

[   2.96   -9.93 -137.74   -0.22  -40.82   22.91    0.93  -18.12   71.99
   18.13    8.76   -3.91    0.92   10.84   23.13   -7.51   32.07   17.31
   -7.97  -93.6    32.77  -19.86   23.57  -11.24  -14.27   25.61   14.41
   -6.05   -4.04    8.57    2.62]

