W: 
[-0.13 -0.1   0.15  0.38 -0.07  0.1  -0.11  0.15  0.04  0.22 -0.12 -0.03
 -0.18  0.03 -0.12 -0.04 -0.11 -0.08  0.01 -0.01  0.06  0.19  0.2  -0.35
  0.09  0.1   0.13  0.21  0.04 -0.34 -0.14  0.58  0.08  0.12 -0.01]
[-0.17 -0.17  0.   -0.37  0.2   0.27 -0.07  0.04 -0.11 -0.32  0.12 -0.24
 -0.01  0.35  0.19  0.13 -0.11  0.11 -0.01  0.02 -0.07  0.03 -0.18 -0.06
 -0.12  0.29 -0.3   0.16 -0.11  0.05 -0.21 -0.1  -0.11 -0.33 -0.09]
[ 0.17  0.05 -0.22  0.   -0.17 -0.14 -0.02 -0.04 -0.34 -0.11 -0.1  -0.02
  0.25  0.14 -0.22  0.47  0.21 -0.16  0.06  0.21  0.04  0.02  0.18 -0.02
  0.13 -0.    0.1  -0.05 -0.02 -0.08  0.3   0.18  0.25 -0.08 -0.14]
[-2.04e-01  5.16e-02 -1.30e-01  9.48e-03  2.69e-01  2.16e-02 -3.26e-01
  1.06e-01 -1.22e-01 -3.43e-04  3.03e-01 -2.19e-01  5.60e-02  1.63e-01
 -3.36e-02  1.10e-01 -2.86e-02  4.88e-01  2.52e-01 -1.13e-01 -4.88e-02
  2.39e-01  3.10e-02  1.86e-01  3.66e-01  2.03e-01 -1.18e-01  1.34e-01
  2.12e-01 -5.91e-01  3.16e-02 -4.24e-01  2.41e-01 -1.83e-01 -4.04e-01]
[-0.14 -0.09 -0.19  0.09 -0.06 -0.06  0.05  0.22  0.09 -0.15 -0.    0.2
  0.19 -0.36 -0.32  0.03 -0.02 -0.17 -0.05 -0.37  0.36 -0.05  0.01 -0.04
 -0.15 -0.18  0.06 -0.23 -0.18  0.09 -0.37  0.06  0.13 -0.12 -0.07]
[-0.09 -0.15  0.1   0.14  0.31 -0.13  0.03 -0.19 -0.05 -0.12  0.12  0.13
 -0.23 -0.03  0.37 -0.3  -0.09 -0.08  0.12  0.    0.14  0.28 -0.04  0.2
  0.11 -0.    0.26  0.28 -0.07 -0.14 -0.01  0.06 -0.27  0.04 -0.28]
[-0.07 -0.07  0.19  0.24 -0.1  -0.1   0.11  0.12  0.08 -0.15  0.06  0.27
  0.23 -0.04  0.11 -0.14 -0.05  0.04 -0.14 -0.01 -0.    0.06  0.29  0.04
 -0.07 -0.18 -0.03  0.03  0.07 -0.17  0.09  0.3  -0.24  0.03  0.43]
[ 0.24  0.23  0.06  0.39  0.02  0.13  0.23  0.18 -0.08 -0.08 -0.27 -0.02
 -0.08 -0.08 -0.33 -0.13 -0.16 -0.09 -0.12  0.16 -0.08  0.23  0.06 -0.23
  0.18 -0.21  0.25 -0.03 -0.01  0.12  0.25  0.04 -0.3  -0.03  0.02]
[ 0.24 -0.41  0.27  0.35  0.2   0.06 -0.22 -0.35  0.04  0.24  0.21 -0.02
 -0.28  0.15  0.03  0.07  0.01 -0.44  0.01 -0.29  0.02 -0.23 -0.19  0.37
 -0.03 -0.02  0.08 -0.02  0.13  0.1   0.25  0.16  0.13  0.43  0.06]
[-1.22e-01 -2.55e-05 -3.10e-02 -6.17e-02 -2.17e-01 -6.63e-02  1.15e-01
  7.50e-02 -3.76e-01  3.61e-01 -1.23e-01 -1.27e-01  3.49e-01 -6.19e-02
  5.02e-01 -2.54e-01  1.21e-01 -3.77e-02  3.53e-01  5.36e-02 -1.33e-02
 -8.81e-02  2.19e-01 -2.94e-01 -3.06e-01 -9.98e-02 -1.90e-01  3.82e-02
  1.16e-01  2.02e-01 -1.52e-01  8.11e-02  1.50e-01  2.66e-01 -4.44e-02]
[-0.07  0.12  0.06 -0.39 -0.32 -0.12  0.08  0.37 -0.12  0.06 -0.26  0.41
 -0.13 -0.08 -0.03  0.04  0.31  0.23 -0.   -0.07  0.18 -0.12 -0.04  0.19
 -0.1  -0.01 -0.08 -0.07  0.13  0.22 -0.23 -0.34  0.1  -0.16 -0.16]
[ 0.06  0.02  0.35  0.07 -0.07 -0.04  0.22  0.19 -0.21 -0.35 -0.13  0.45
 -0.3  -0.13  0.15  0.09 -0.33 -0.24 -0.19  0.29 -0.22  0.04  0.12 -0.19
  0.06 -0.05  0.4   0.14 -0.34 -0.22  0.08  0.27 -0.12  0.21  0.19]
[-0.08  0.08 -0.09  0.06  0.11  0.12  0.2   0.07 -0.13 -0.37  0.2  -0.02
  0.17  0.02 -0.05 -0.02 -0.24 -0.05 -0.06 -0.12 -0.17  0.06 -0.18  0.1
 -0.2  -0.11 -0.04  0.01  0.32 -0.11 -0.03 -0.16  0.15 -0.25 -0.02]
[ 0.29 -0.14  0.37  0.06 -0.14  0.22  0.04 -0.29 -0.03  0.1  -0.19  0.02
  0.02  0.27 -0.23 -0.02 -0.05  0.   -0.11 -0.24  0.05  0.28 -0.37  0.24
  0.19  0.11 -0.32 -0.2  -0.25 -0.13 -0.05  0.23 -0.34 -0.01 -0.17]
[-0.05 -0.28 -0.13  0.11 -0.01 -0.13 -0.12 -0.13  0.07  0.04 -0.15 -0.1
  0.07  0.21  0.22  0.03  0.29  0.02 -0.04 -0.08 -0.15  0.07  0.23 -0.25
 -0.18  0.14 -0.08  0.27  0.   -0.22  0.15 -0.18  0.16  0.01 -0.03]
[-0.13  0.2  -0.19 -0.02 -0.    0.13 -0.14  0.18 -0.15 -0.1  -0.1  -0.08
  0.1  -0.09 -0.12  0.02 -0.18  0.1   0.03  0.03  0.03  0.03 -0.15 -0.13
  0.16 -0.09 -0.1  -0.01 -0.23  0.    0.1  -0.15  0.05 -0.1   0.13]
[-0.01 -0.03  0.07 -0.14 -0.11 -0.11  0.04  0.    0.01  0.27 -0.15  0.26
 -0.1   0.07 -0.18  0.12  0.11  0.07  0.08 -0.06 -0.22  0.34  0.12 -0.1
 -0.1  -0.13 -0.02  0.03  0.26  0.52  0.01  0.11  0.1   0.07  0.1 ]
[-0.1   0.13 -0.21 -0.12  0.01 -0.11 -0.02 -0.21 -0.29  0.06 -0.01  0.04
  0.08 -0.   -0.16  0.2  -0.15 -0.01  0.22 -0.06  0.18 -0.21  0.19  0.3
  0.09 -0.15  0.02  0.13  0.25  0.08  0.    0.03 -0.16  0.05 -0.27]
[ 0.1  -0.01 -0.44  0.08  0.15  0.18 -0.12  0.18 -0.1   0.27  0.25 -0.15
 -0.2  -0.19  0.08  0.11 -0.03 -0.1  -0.24  0.2   0.03  0.1   0.16  0.28
 -0.16 -0.02 -0.08  0.04  0.16 -0.16 -0.35 -0.02 -0.1   0.26 -0.04]
[ 0.09  0.01 -0.28  0.16 -0.06  0.05 -0.14  0.23 -0.01  0.24 -0.76  0.1
  0.07  0.11  0.05 -0.13 -0.22  0.26  0.12 -0.12 -0.09  0.06  0.04  0.09
  0.13  0.06 -0.06  0.03  0.28  0.36 -0.22  0.03 -0.31 -0.04 -0.14]
[-0.02 -0.21 -0.06  0.23 -0.12  0.29  0.09 -0.15 -0.05  0.26  0.04  0.01
  0.01  0.34  0.17 -0.1  -0.2  -0.08  0.07  0.17 -0.17 -0.34  0.11  0.18
  0.26 -0.17  0.07 -0.06 -0.11 -0.22  0.24  0.   -0.25 -0.27 -0.22]
[-0.11  0.09  0.31  0.01 -0.1  -0.42  0.12  0.18 -0.02  0.01 -0.28  0.24
 -0.11 -0.02 -0.19  0.06 -0.3   0.29 -0.06  0.11  0.18 -0.05  0.07 -0.16
  0.21 -0.11 -0.3  -0.22 -0.03 -0.05 -0.19 -0.01 -0.1   0.12  0.19]
[-0.23 -0.35 -0.02 -0.31  0.11  0.02 -0.19 -0.11 -0.07  0.01  0.03 -0.29
  0.05  0.25 -0.17 -0.12  0.09 -0.1  -0.26  0.04 -0.06 -0.09 -0.05  0.02
  0.06  0.17  0.1   0.1  -0.03  0.32  0.12  0.1   0.11  0.01 -0.02]
[ 0.1  -0.22 -0.24 -0.18 -0.01 -0.11 -0.21  0.53 -0.18 -0.21 -0.09  0.13
  0.12  0.26  0.18  0.2   0.13 -0.07  0.1   0.32 -0.11 -0.34 -0.02  0.01
 -0.07 -0.11 -0.03 -0.01 -0.15 -0.12 -0.18  0.21  0.63 -0.3   0.08]
[-0.1  -0.27  0.25  0.02 -0.11  0.1  -0.32 -0.09 -0.01  0.03 -0.24 -0.46
 -0.21  0.19 -0.24 -0.18  0.08 -0.36 -0.28 -0.34  0.15  0.04 -0.1  -0.29
  0.26  0.23 -0.13 -0.09 -0.05 -0.09 -0.35  0.15 -0.03  0.08 -0.  ]
[ 0.03  0.1   0.07 -0.07  0.13 -0.16 -0.02  0.01 -0.13 -0.1  -0.02  0.36
  0.23 -0.27  0.15 -0.21  0.23  0.02  0.04 -0.03  0.03  0.03  0.35  0.18
 -0.16 -0.09 -0.16 -0.12  0.25 -0.03 -0.25 -0.02  0.35 -0.07  0.06]
[ 0.64  0.1  -0.06 -0.2  -0.13 -0.12 -0.05  0.05  0.09  0.12  0.2   0.24
  0.03  0.17  0.29  0.31  0.02  0.23  0.17  0.18  0.11  0.    0.11 -0.24
  0.05 -0.11  0.19  0.07  0.06 -0.04  0.25 -0.08 -0.24  0.1   0.04]
[-0.16 -0.2   0.25 -0.01  0.03 -0.09 -0.37  0.08  0.04  0.01 -0.13  0.05
  0.12 -0.13  0.14  0.43 -0.06 -0.3   0.17 -0.03 -0.04 -0.04 -0.12  0.17
  0.1   0.08  0.02  0.06 -0.13  0.07  0.2  -0.18  0.16  0.01  0.05]
[-0.03  0.04 -0.19  0.07 -0.06 -0.06 -0.04  0.1   0.   -0.21 -0.03  0.2
 -0.02 -0.1   0.04  0.28  0.07 -0.03 -0.07  0.05 -0.1  -0.18  0.3   0.11
 -0.13 -0.06  0.1  -0.06 -0.3   0.27 -0.07 -0.21  0.1   0.21  0.14]
[-0.17 -0.04 -0.13  0.17 -0.06 -0.17  0.13  0.29  0.11 -0.1   0.13  0.07
 -0.07 -0.15  0.16  0.    0.02 -0.11 -0.29 -0.3   0.23  0.24  0.16 -0.04
  0.1   0.04 -0.    0.08 -0.08  0.08  0.3   0.22  0.07 -0.12  0.23]

M: 
[ 1.92  4.71 -0.64  0.4  -1.77 -1.76  4.03 -0.05 -2.29 -2.28 -0.5  -0.07
 -2.99  1.27  0.14 -2.13  2.31  0.15 -0.21 -0.79 -0.62  1.53  0.47  0.89
 -1.11  1.41  2.19  0.33  0.85  3.68  0.3 ]

[-0.18 -5.65  0.02 -0.98  1.85 -0.53 -0.02  0.03  2.32  1.85  0.43 -0.23
  1.47 -1.73 -0.87  2.04 -1.83 -0.06 -0.27  0.19  0.24 -0.67  1.36 -1.5
  1.69  1.99  0.29  0.38 -1.89 -2.32  0.33]

[ 0.16  0.93 -0.36 -0.35 -0.19 -0.14 -1.4  -1.58  0.14 -0.47  1.   -2.52
 -0.47  0.19  2.   -2.23 -3.48 -1.41 -0.38 -0.96  1.55 -1.49 -0.16  1.98
 -0.05 -1.11  1.36  1.38 -0.41  3.25  0.38]

[ 1.39  2.31 -0.33  2.77 -1.93  0.89  2.04  2.76 -3.35  0.34 -1.19  3.62
 -1.11  2.89 -3.55 -0.03  6.19  1.12 -2.3   0.5  -0.48  3.1  -0.85  0.33
 -3.16  0.86 -1.33 -1.67 -0.43 -0.04 -3.96]

[ 0.81 -1.96  1.82  1.44  1.5   1.45 -1.6  -0.38  0.9   0.64 -0.22  0.56
  1.28 -0.24 -0.8   2.12 -0.34  1.11 -0.72  1.28 -0.57 -0.14  0.85 -1.36
 -1.59 -1.35 -1.95 -0.27  2.84 -1.39  0.22]

[-0.1  -0.34 -0.5  -3.27  0.53  0.08 -3.04 -0.78  2.28 -0.08  0.48 -1.36
  1.83 -2.37  3.09  0.23 -2.85 -0.9   3.87 -0.23 -0.12 -2.33 -1.66 -0.33
  4.22 -1.8  -0.55 -0.15 -0.96 -3.18  2.74]

