W: 
[0.06946912 0.1196972 ]
[-0.00932139 -0.10039839]
[0.3096652  0.08789923]
[ 0.03542101 -0.06393505]
[0.21049195 0.2674244 ]
[-0.08693174 -0.19252251]
[0.20144115 0.22747676]
[ 0.02432712 -0.25723378]
[-0.17539976  0.17645449]
[0.05389933 0.15326893]
[0.16962286 0.01847011]
[-0.00313842  0.10426565]
[-0.46212464 -0.28667588]
[0.28208367 0.24339136]
[-0.05538675  0.42095351]
[0.07335125 0.0220746 ]
[-0.17995761  0.33753867]
[0.22177251 0.17671009]
[-0.02421838  0.14393005]
[-0.23668052 -0.12411999]
[-0.15049069  0.19985028]
[ 0.1112737  -0.17223916]
[-0.04210755 -0.01244464]
[ 0.3934199  -0.22491768]
[-0.16733784 -0.02944721]
[-0.11451643  0.21239209]
[0.31064    0.16671112]
[-0.35224489  0.08942832]
[ 0.35282539 -0.10742858]
[ 0.25335537 -0.17452313]

M: 
[ -179.38959503    20.19055939   956.08547211  1562.98361206
  1162.58717346   866.71621704  -711.92311096   152.39479065
 -3035.77067566  -648.74785614   312.82903361  -147.97980499
  -874.91300964  2556.76734924  -998.14213562  2240.73063278
  -236.84342957 -6031.04250336  1517.00463867  -610.03893089
 -1659.84701538  1027.52990723   645.14537048   298.79981804
 -3969.87486267   380.88806152  1808.08934402  2381.63212585
 -3754.50231171  4520.70263672  1492.53314209]

