W: 
[-0.02699375  0.03760658  0.04283003]
[ 0.01304262 -0.16299291  0.02208788]
[0.00674946 0.27772847 0.27142867]
[-0.36284374 -0.41539046  0.05345358]
[ 0.14319111  0.3027326  -0.02978194]
[-0.3329466  -0.18668334  0.04120489]
[0.02424854 0.17701699 0.08546341]
[ 0.52783218 -0.03373901  0.41438721]
[-0.28997669  0.54931175  0.01128349]
[-0.09657383 -0.35793868 -0.33898191]
[ 0.11272958  0.22215718 -0.43041019]
[ 0.09695921 -0.17180985 -0.00099337]
[-0.42373432  0.03569961 -0.01136896]
[ 0.33647969 -0.07194461  0.17543297]
[ 0.18460501 -0.09758081 -0.47445528]
[-0.29983495 -0.02105067 -0.21012166]
[-0.4453938   0.19721715 -0.20591671]
[0.02176622 0.34656807 0.18183256]
[ 0.21607834  0.07547844 -0.3703205 ]
[0.03065091 0.10606178 0.13451328]
[-0.22046088 -0.0420404  -0.10444658]
[-0.2322929   0.12421798  0.16709818]
[-0.14232348  0.26455032 -0.00104388]
[ 0.51400688 -0.34154019  0.34537139]
[0.21628062 0.277973   0.04588502]
[ 0.2645765  -0.29220769 -0.04780911]
[ 0.32403423 -0.27767264  0.15168492]
[-0.32287554 -0.10747906  0.48258277]
[ 0.17617998  0.5831016  -0.11102635]
[ 0.10521232  0.04355585 -0.35695406]

M: 
[ -2339.52888111 -20039.17049029   9414.03333194  72439.3505942
  76461.48795578  -3597.04796711  -4849.11406932  20622.39305192
  33630.45806026 -11572.79583363  69804.69109438   5527.61434888
  12186.28359278    548.20631841 -51069.23488162  -6532.61911529
  51225.89924753 -34820.84437609  72556.76649821  45284.64264214
  -2345.08875131  40935.43975497   4398.25781789 -10902.30542494
 -21484.84629633  91165.6928623   37082.11512066  41763.71131269
  28328.28035516  23792.93721677  20541.56812252]

[  2339.52888111  20039.17049029  -9414.03333194 -72439.3505942
 -76461.48795578   3597.04796711   4849.11406932 -20622.39305192
 -33630.45806026  11572.79583363 -69804.69109438  -5527.61434888
 -12186.28359278   -548.20631841  51069.23488162   6532.61911529
 -51225.89924753  34820.84437609 -72556.76649821 -45284.64264214
   2345.08875131 -40935.43975497  -4398.25781789  10902.30542494
  21484.84629633 -91165.6928623  -37082.11512066 -41763.71131269
 -28328.28035516 -23792.93721677 -20541.56812252]

