W: 
[-0.01 -0.11 -0.27  0.   -0.14]
[ 0.15  0.11 -0.13  0.3  -0.12]
[-0.04  0.27 -0.05 -0.25  0.02]
[-0.1  -0.15 -0.07 -0.23  0.42]
[ 0.16  0.11 -0.09  0.02 -0.25]
[-0.09 -0.22  0.05  0.46 -0.11]
[ 0.15 -0.33 -0.1   0.04  0.08]
[-0.27 -0.1   0.2  -0.03 -0.08]
[ 0.09  0.31 -0.14  0.02  0.14]
[ 0.01  0.13 -0.36  0.04  0.02]
[-0.15 -0.02 -0.13 -0.05  0.25]
[-0.66  0.12  0.16  0.54 -0.13]
[-0.32  0.12 -0.46 -0.01 -0.18]
[-0.44 -0.27 -0.39  0.17 -0.25]
[ 0.01 -0.08 -0.24  0.13  0.35]
[-0.2  -0.14  0.4   0.4   0.25]
[-0.5  -0.45 -0.05  0.25  0.11]
[-0.01  0.28 -0.09  0.17 -0.11]
[ 0.01 -0.21  0.04  0.02 -0.07]
[-0.12  0.31 -0.21 -0.09  0.04]
[-0.12 -0.22 -0.03 -0.14  0.16]
[-0.06 -0.18 -0.36  0.11  0.32]
[ 0.03  0.08  0.15 -0.36  0.4 ]
[ 0.25 -0.08 -0.32 -0.05  0.29]
[-0.47  0.17 -0.02 -0.05 -0.07]
[-0.12 -0.37 -0.02 -0.04 -0.27]
[0.18 0.28 0.49 0.03 0.14]
[ 0.2  -0.34 -0.07  0.   -0.36]
[ 0.13  0.04 -0.1   0.02 -0.17]
[-0.03  0.06 -0.35  0.14  0.02]

M: 
[ 3.83e+03 -2.65e+03 -1.11e+04 -1.95e+04  5.85e+03  2.26e+04  8.78e+02
  1.12e+03 -4.34e+03  3.32e+02 -9.90e+02  8.12e+03 -1.46e+03 -1.32e+03
  5.42e+02 -3.21e+02  1.19e+03 -2.57e+03  8.71e+03 -7.21e+03 -8.42e+03
  5.71e+03 -2.23e+03  1.08e+03 -2.42e+02  2.39e+04 -1.24e+01 -6.47e+02
  1.82e+02 -7.90e+03  5.16e+03]

[  5833.7   52540.31  34910.71  41273.75 -35169.71 -56598.88   3486.12
   9204.35  19145.4   -5375.45  28198.65 -23128.31   4345.48    525.29
   5400.73  -3712.01  -4481.55    -73.71 -20374.57 -35838.78   8747.1
  23041.63  13565.26   -271.16  -4339.62 -12378.56  -1458.08  12600.73
   1312.52 -56345.38 -37083.41]

[ -9658.06 -49886.5  -23820.72 -21817.42  29318.56  34012.67  -4364.58
 -10326.99 -14806.38   5043.67 -27208.66  15008.12  -2884.98    794.43
  -5942.47   4032.69   3291.97   2639.35  11662.92  43053.33   -331.05
 -28754.61 -11336.37   -809.77   4581.91 -11567.45   1470.46 -11953.68
  -1494.84  64247.    31921.03]

