W: 
[ 0.17 -0.42 -0.11 -0.32  0.11 -0.2 ]
[ 0.05  0.09 -0.    0.03  0.36 -0.15]
[-0.05  0.05  0.13 -0.03  0.08  0.09]
[-0.21 -0.06 -0.33 -0.23 -0.28 -0.25]
[-0.18  0.19 -0.31  0.39  0.36  0.03]
[-0.41  0.31 -0.31 -0.56 -0.25  0.3 ]
[-0.27  0.22 -0.23  0.   -0.04  0.19]
[ 0.02 -0.32 -0.16 -0.04  0.24  0.22]
[ 0.14  0.12 -0.12 -0.05 -0.15  0.01]
[ 0.13  0.42  0.    0.03 -0.1   0.07]
[ 0.06 -0.36  0.23  0.27 -0.09  0.26]
[ 0.19 -0.31 -0.08  0.26 -0.11 -0.23]
[ 0.14  0.19  0.41 -0.32  0.11 -0.12]
[ 0.12 -0.01  0.12  0.03  0.12 -0.36]
[ 0.1   0.02 -0.17 -0.15  0.05 -0.12]
[ 0.06  0.12  0.23  0.36  0.09 -0.36]
[ 0.48 -0.12 -0.1  -0.33 -0.13  0.08]
[ 0.22  0.17 -0.01  0.01 -0.24  0.1 ]
[ 0.07 -0.3   0.18  0.6   0.11  0.06]
[ 0.04  0.14 -0.25 -0.19  0.1   0.07]
[ 0.19  0.19 -0.08  0.13  0.42 -0.2 ]
[ 0.22  0.17  0.29  0.15 -0.22 -0.22]
[ 0.27  0.12  0.19 -0.71  0.16  0.03]
[-0.04  0.03 -0.08  0.    0.27  0.26]
[ 0.2  -0.04 -0.18  0.17 -0.06 -0.07]
[-0.14  0.11  0.07 -0.16 -0.04 -0.05]
[-0.31 -0.14 -0.16 -0.03 -0.65  0.25]
[-0.07 -0.07 -0.01 -0.15  0.18  0.07]
[-0.43  0.42 -0.44 -0.38  0.09 -0.15]
[-0.16 -0.21 -0.17 -0.17  0.    0.01]

M: 
[ 7.08e+03 -1.42e+03 -1.39e+03 -2.70e+04  4.92e+01  8.39e+01  1.55e+02
  2.69e+04  6.87e+02 -6.83e+04  2.06e+04 -2.48e+03 -2.18e+03  1.33e+01
 -3.66e+03 -2.57e+03  1.42e+03  1.77e+03  1.02e+03  8.32e+02 -1.50e+03
 -6.62e+02  5.33e+03  6.90e+02 -2.60e+04 -3.23e+03 -8.26e+03  4.84e+02
  2.15e+04 -1.06e+03  1.60e+04]

[ -7677.27  -8003.49  23246.03  -9489.59   5533.55   1665.19   5286.42
 -21565.25  15693.25 -19195.41   3806.91  -1868.29   4167.75   5195.9
    990.02  10601.14  11103.22  15485.42  33194.55   -582.49  -6396.57
  -5071.    -6922.81  -1370.6    8476.7   -3051.79  -7226.61   3985.48
    466.46  -2683.26  -5523.23]

[   594.07   9424.39 -21856.24  36505.84  -5582.8   -1749.12  -5441.1
  -5364.28 -16380.24  87542.2  -24393.07   4346.94  -1988.48  -5209.16
   2668.18  -8031.92 -12525.74 -17251.96 -34209.62   -249.48   7892.45
   5732.75   1591.77    680.59  17544.72   6281.15  15490.42  -4469.58
 -21918.28   3739.88 -10493.64]

